1487373
1486593
1485711
1485196
1484306
1483807
1482875
1481905
1481406
1480865
1480681
1479918
1479399
1478681
1477918
1477085
1476110
1474506
1474099
1473284
1472595
1471997
1471297
1470410
1469861
1468981
1467911
1467040
1466236
1465787
1465348
1464597
1463605
1462824
1462049
1461497
1461054
1460441
1459758
1459372
1458653
1458290
1456989
1456603
1456269
1455484
1454695
1453666
1452799
1451804
1451431
1450739
1449981
1449139
1448734
1448115
1447476
1446858
1446380
1445784
1444931
1444468
1443715
1443161
1442594
1442127
1441486
1440790
1440326
1439909
1439230
1438905
1437776
1437433
1437010
1436245
1435347
1434888
1434428
1434102
1433635
1433206
1432378
1431743
1430152
1429319
1428752
1428215
1427967
1427250
1426515
1425774
1424876
1424378
1423699
1422836
1421689
1420837
1420352
1419728
