1487373
1475596
1465384
1455609
1439658
1425717
1415438
1402807
1394178
1382108
1374017
1364750
1351440
1339910
1327821
1317652
1301836
1290711
1278669
1268395
1257077
1245045
1231156
1219026
1207189
1194930
1183322
1172345
1154265
1140894
1128810
1117069
1105405
1094198
1080873
1070184
1056566
1044832
1030143
1015789
1003980
990241
977613
963032
950519
938579
925750
909857
894976
881900
867730
853286
842447
830017
816568
801047
784258
768696
757074
742896
730493
716862
703484
683923
670102
655069
641326
627410
614490
601259
588634
573304
556392
541764
523935
506980
491075
474294
458055
442195
422809
402901
384922
368214
349877
334862
312950
296361
280011
256906
234219
211719
192485
164899
135838
107347
88743
64412
43476
15461
