1487373
1480426
1473731
1467398
1462333
1454574
1446313
1439389
1431221
1424712
1418366
1412115
1405712
1398773
1390465
1383545
1376403
1371574
1364349
1356472
1348730
1339605
1332553
1325592
1319186
1312527
1304229
1296293
1288946
1281704
1274745
1267515
1261005
1253652
1247130
1238862
1230202
1222613
1215317
1207247
1200621
1190581
1183611
1175983
1167527
1157366
1149078
1141934
1134132
1124591
1117738
1110084
1102212
1095236
1088336
1081100
1074162
1064088
1056164
1047104
1039443
1032657
1022965
1013490
1006447
996230
988505
979569
970510
961265
952989
944092
934994
926922
918161
908482
901712
894956
887756
879465
871573
863018
853476
844685
833499
824127
815702
806141
796955
787990
777283
767445
759098
748240
739499
728467
718673
705504
692766
683308
