1487373
1486278
1485618
1483942
1483463
1482912
1481838
1480479
1479679
1478688
1478291
1477108
1476280
1475072
1474117
1473300
1472876
1472171
1471325
1470631
1469789
1468701
1468078
1467253
1466664
1465885
1465095
1464420
1463926
1462991
1462293
1461316
1459792
1458460
1457622
1456644
1455985
1455311
1453958
1452800
1451081
1446528
1445669
1444712
1443123
1442332
1441540
1440413
1439449
1438127
1437496
1436357
1435705
1435079
1433199
1432425
1431182
1430499
1429986
1429168
1428091
1427390
1425588
1425227
1424395
1423549
1423096
1422572
1421126
1420124
1419132
1418463
1417291
1416502
1415666
1414241
1413001
1412223
1411350
1410873
1410324
1409102
1407860
1407125
1406658
1405662
1404554
1403281
1402306
1401414
1400158
1399256
1397778
1396208
1395620
1394804
1393968
1393298
1392386
1391627