1487373
1483893
1480057
1476754
1471546
1468533
1462769
1459630
1455411
1451288
1447784
1444467
1441498
1436564
1432185
1426032
1420998
1417570
1412925
1405247
1402021
1398846
1395663
1390437
1386831
1382241
1378862
1371152
1365881
1361935
1356667
1352751
1348875
1342670
1338083
1333376
1330411
1322359
1318658
1312628
1309413
1302731
1297232
1293645
1290112
1285032
1281014
1274830
1270081
1264718
1261131
1256770
1249844
1245319
1240016
1234393
1229680
1224459
1218922
1215355
1211203
1205286
1197129
1193029
1189493
1185138
1181873
1177053
1169477
1163721
1158968
1154813
1149043
1143338
1137437
1133522
1127308
1122740
1116849
1110849
1106884
1102593
1090976
1084752
1080446
1077039
1071808
1064947
1060619
1056382
1053331
1048408
1039243
1029174
1024520
1014739
1007369
999611
993370
989234
